30,45,-32053
30,45,-31953
30,45,-31853
31,45,-31753
30,45,-31653
30,45,-31553
30,45,-31453
30,45,-31353
30,45,-31253
30,46,-31153
30,46,-31053
30,45,-30953
30,46,-30853
30,46,-30753
30,45,-30653
30,45,-30553
30,45,-30453
30,45,-30353
30,45,-30253
30,45,-30153
30,46,-30053
30,45,-29953
30,45,-29853
30,46,-29753
30,46,-29653
30,46,-29553
30,46,-29453
31,47,-29353
30,45,-29253
30,44,-29153
30,46,-29053
30,47,-28953
30,45,-28853
30,45,-28753
30,46,-28653
30,45,-28553
30,45,-28453
30,46,-28353
30,46,-28253
30,45,-28153
30,45,-28053
30,46,-27953
30,46,-27853
30,46,-27753
30,46,-27653
30,46,-27553
30,46,-27453
30,46,-27353
31,47,-27253
30,45,-27153
30,45,-27053
30,44,-26953
30,46,-26853
30,46,-26753
30,46,-26653
30,46,-26553
30,46,-26453
30,46,-26353
30,45,-26253
30,45,-26153
30,45,-26053
30,44,-25953
30,46,-25853
30,46,-25753
31,46,-25653
30,46,-25553
30,46,-25453
30,46,-25353
31,46,-25253
30,45,-25153
30,45,-25053
30,45,-24953
30,45,-24853
30,45,-24753
30,45,-24653
30,44,-24553
30,46,-24453
31,47,-24353
30,45,-24253
31,45,-24153
30,45,-24053
30,46,-23953
30,45,-23853
30,45,-23753
30,45,-23653
30,45,-23553
30,45,-23453
31,46,-23353
30,46,-23253
30,46,-23153
31,47,-23053
30,45,-22953
30,45,-22853
30,45,-22753
30,45,-22653
30,45,-22553
30,45,-22453
30,45,-22353
30,45,-22253
30,46,-22153
30,46,-22053
30,46,-21953
30,46,-21853
30,46,-21753
30,46,-21653
30,46,-21553
30,46,-21453
30,47,-21353
31,46,-21253
30,46,-21153
30,46,-21053
30,45,-20953
30,45,-20853
30,45,-20753
31,46,-20653
30,45,-20553
30,44,-20453
30,46,-20353
30,46,-20253
30,46,-20153
30,46,-20053
30,46,-19953
30,45,-19853
30,45,-19753
30,45,-19653
30,45,-19553
30,45,-19453
30,45,-19353
30,46,-19253
30,45,-19153
30,45,-19053
30,45,-18953
30,45,-18853
30,45,-18753
30,44,-18653
30,46,-18553
30,46,-18453
30,46,-18353
30,46,-18253
30,46,-18153
30,45,-18053
30,45,-17953
30,45,-17853
30,45,-17753
30,45,-17653
30,45,-17553
30,46,-17453
30,46,-17353
30,45,-17253
30,46,-17153
30,46,-17053
30,46,-16953
30,46,-16853
31,47,-16753
30,45,-16653
30,44,-16553
30,45,-16453
31,46,-16353
30,45,-16253
30,45,-16153
30,45,-16053
30,45,-15953
30,45,-15853
30,45,-15753
30,45,-15653
30,45,-15553
30,44,-15453
30,46,-15353
30,46,-15253
30,45,-15153
30,45,-15053
31,46,-14953
30,46,-14853
30,46,-14753
30,45,-14653
30,45,-14553
31,46,-14453
30,45,-14353
30,46,-14253
30,46,-14153
30,46,-14053
30,46,-13953
31,47,-13853
30,45,-13753
30,45,-13653
30,45,-13553
30,46,-13453
30,45,-13353
30,45,-13253
30,45,-13153
30,45,-13053
30,45,-12953
30,44,-12853
30,46,-12753
30,45,-12653
30,45,-12553
30,46,-12453
30,46,-12353
30,45,-12253
30,45,-12153
30,46,-12053
30,46,-11953
30,45,-11853
30,45,-11753
30,45,-11653
30,45,-11553
30,45,-11453
30,46,-11353
30,46,-11253
30,45,-11153
30,45,-11053
31,46,-10953
30,46,-10853
30,46,-10753
30,46,-10653
30,46,-10553
30,45,-10453
30,45,-10353
30,45,-10253
30,45,-10153
30,45,-10053
30,45,-9953
30,46,-9853
30,46,-9753
30,45,-9653
30,45,-9553
31,46,-9453
30,45,-9353
30,45,-9253
30,45,-9153
31,47,-9053
30,45,-8953
30,45,-8853
30,45,-8753
30,45,-8653
30,45,-8553
30,46,-8453
30,46,-8353
30,46,-8253
30,46,-8153
30,46,-8053
30,46,-7953
30,45,-7853
30,46,-7753
30,46,-7653
30,45,-7553
30,44,-7453
30,46,-7353
30,46,-7253
30,46,-7153
30,46,-7053
30,46,-6953
30,46,-6853
30,45,-6753
30,46,-6653
30,46,-6553
30,45,-6453
30,45,-6353
30,45,-6253
30,44,-6153
30,46,-6053
31,47,-5953
30,46,-5853
30,45,-5753
30,45,-5653
30,46,-5553
30,46,-5453
30,45,-5353
30,45,-5253
30,45,-5153
30,45,-5053
30,45,-4953
30,45,-4853
30,45,-4753
30,44,-4653
30,46,-4553
30,46,-4453
30,46,-4353
30,46,-4253
30,46,-4153
30,46,-4053
30,45,-3953
30,45,-3853
30,46,-3753
30,46,-3653
30,45,-3553
30,45,-3453
30,45,-3353
30,45,-3253
30,45,-3153
30,45,-3053
30,45,-2953
30,45,-2853
30,45,-2753
30,46,-2653
31,47,-2553
30,45,-2453
30,46,-2353
30,46,-2253
30,46,-2153
30,46,-2053
30,47,-1953
31,46,-1853
30,45,-1753
30,45,-1653
30,45,-1553
30,45,-1453
30,45,-1353
31,46,-1253
30,46,-1153
30,45,-1053
30,45,-953
30,46,-853
30,46,-753
30,45,-653
30,45,-553
30,45,-453
30,45,-353
30,44,-253
30,46,-153
30,46,-53
30,45,47
30,45,147
30,45,247
30,45,347
30,45,447
30,45,547
30,45,647
30,45,747
30,44,847
30,46,947
31,47,1047
30,45,1147
30,45,1247
30,45,1347
31,45,1447
30,45,1547
30,45,1647
30,46,1747
30,45,1847
30,45,1947
30,46,2047
30,46,2147
30,46,2247
30,46,2347
30,46,2447
30,46,2547
30,46,2647
30,46,2747
30,46,2847
30,45,2947
30,45,3047
30,45,3147
30,44,3247
30,46,3347
31,47,3447
30,46,3547
30,45,3647
30,44,3747
30,46,3847
30,46,3947
31,47,4047
30,45,4147
30,45,4247
30,44,4347
30,46,4447
30,46,4547
30,46,4647
30,46,4747
30,45,4847
30,46,4947
30,45,5047
30,45,5147
30,45,5247
30,45,5347
30,45,5447
30,45,5547
31,46,5647
30,46,5747
30,45,5847
30,45,5947
30,46,6047
30,45,6147
30,45,6247
30,46,6347
30,46,6447
30,46,6547
31,47,6647
30,46,6747
30,47,6847
30,45,6947
30,46,7047
30,46,7147
30,46,7247
30,46,7347
30,46,7447
30,46,7547
30,45,7647
30,45,7747
30,46,7847
30,45,7947
30,45,8047
30,46,8147
30,46,8247
30,46,8347
30,46,8447
30,46,8547
30,46,8647
30,46,8747
30,47,8847
30,46,8947
30,45,9047
30,45,9147
30,45,9247
30,45,9347
30,45,9447
30,44,9547
30,46,9647
30,45,9747
30,45,9847
30,46,9947
30,46,10047
30,45,10147
30,45,10247
30,45,10347
30,45,10447
30,45,10547
30,45,10647
30,45,10747
30,44,10847
30,46,10947
30,46,11047
30,46,11147
30,46,11247
30,46,11347
30,46,11447
30,47,11547
30,45,11647
31,46,11747
30,46,11847
30,45,11947
30,45,12047
30,46,12147
30,46,12247
30,46,12347
30,45,12447
30,46,12547
30,45,12647
30,45,12747
30,46,12847
30,46,12947
30,45,13047
30,45,13147
30,45,13247
30,46,13347
30,45,13447
30,45,13547
30,45,13647
30,45,13747
30,45,13847
30,46,13947
30,46,14047
30,45,14147
30,45,14247
30,45,14347
30,44,14447
30,46,14547
31,48,14647
30,46,14747
30,45,14847
30,45,14947
30,45,15047
30,45,15147
30,45,15247
30,45,15347
30,45,15447
30,45,15547
30,44,15647
30,47,15747
30,45,15847
30,44,15947
30,46,16047
30,46,16147
30,45,16247
30,45,16347
30,45,16447
30,45,16547
30,45,16647
30,44,16747
30,46,16847
30,46,16947
30,45,17047
30,45,17147
30,45,17247
30,45,17347
30,45,17447
30,46,17547
30,46,17647
30,45,17747
30,45,17847
30,46,17947
30,46,18047
30,46,18147
30,46,18247
30,46,18347
30,45,18447
30,45,18547
30,45,18647
30,45,18747
30,44,18847
30,46,18947
30,46,19047
30,46,19147
30,46,19247
30,46,19347
30,46,19447
30,46,19547
30,45,19647
30,46,19747
30,46,19847
30,46,19947
30,47,20047
30,45,20147
30,45,20247
30,45,20347
31,46,20447
30,46,20547
30,45,20647
30,45,20747
30,46,20847
30,45,20947
30,45,21047
30,45,21147
30,45,21247
30,45,21347
30,45,21447
30,46,21547
30,46,21647
30,45,21747
30,45,21847
30,45,21947
30,45,22047
30,45,22147
30,45,22247
30,46,22347
30,45,22447
30,45,22547
30,46,22647
31,47,22747
31,46,22847
30,46,22947
30,46,23047
30,46,23147
30,46,23247
30,46,23347
30,46,23447
30,46,23547
30,46,23647
30,46,23747
30,45,23847
30,45,23947
30,45,24047
30,45,24147
30,45,24247
30,45,24347
30,45,24447
30,46,24547
31,46,24647
30,46,24747
30,46,24847
30,45,24947
30,45,25047
30,45,25147
30,45,25247
30,45,25347
30,45,25447
30,46,25547
30,45,25647
30,44,25747
30,46,25847
31,47,25947
30,45,26047
30,45,26147
30,45,26247
30,45,26347
30,45,26447
30,45,26547
30,45,26647
30,45,26747
30,44,26847
30,46,26947
30,46,27047
30,46,27147
30,45,27247
30,45,27347
30,45,27447
30,44,27547
30,46,27647
30,46,27747
30,46,27847
30,46,27947
30,46,28047
30,47,28147
30,45,28247
30,44,28347
30,46,28447
30,45,28547
30,45,28647
30,45,28747
30,45,28847
30,45,28947
30,45,29047
30,45,29147
30,45,29247
30,45,29347
30,45,29447
30,46,29547
30,45,29647
30,45,29747
30,45,29847
30,45,29947
30,45,30047
30,45,30147
30,45,30247
30,45,30347
30,45,30447
30,46,30547
30,46,30647
30,45,30747
30,45,30847
30,46,30947
30,46,31047
30,46,31147
30,46,31247
30,47,31347
30,45,31447
31,46,31547
30,46,31647
30,46,31747
30,46,31847
30,46,31947
31,47,32047
30,45,32147
30,44,32247
30,46,32347
30,47,32447
30,45,32547
30,45,32647
30,45,32747
30,45,-32689
30,45,-32589
30,45,-32489
30,45,-32389
30,45,-32289
30,45,-32189
30,46,-32089
30,46,-31989
30,45,-31889
30,45,-31789
30,45,-31689
30,45,-31589
30,45,-31489
31,46,-31389
30,46,-31289
30,46,-31189
30,45,-31089
30,46,-30989
30,46,-30889
30,45,-30789
30,45,-30689
30,45,-30589
30,45,-30489
30,45,-30389
30,45,-30289
30,46,-30189
31,46,-30089
30,46,-29989
30,46,-29889
30,46,-29789
30,46,-29689
30,47,-29589
31,46,-29489
30,46,-29389
30,45,-29289
30,46,-29189
30,46,-29089
30,46,-28989
30,46,-28889
30,46,-28789
30,45,-28689
30,45,-28589
30,45,-28489
30,45,-28389
30,45,-28289
31,45,-28189
30,46,-28089
30,46,-27989
30,45,-27889
30,46,-27789
30,46,-27689
30,46,-27589
30,45,-27489
30,45,-27389
30,45,-27289
30,45,-27189
30,45,-27089
30,45,-26989
31,45,-26889
30,45,-26789
30,45,-26689
31,46,-26589
30,46,-26489
30,45,-26389
30,45,-26289
30,45,-26189
30,44,-26089
30,45,-25989
30,45,-25889
30,45,-25789
30,45,-25689
30,45,-25589
30,45,-25489
30,44,-25389
30,45,-25289
30,45,-25189
30,45,-25089
30,45,-24989
30,46,-24889
31,47,-24789
30,45,-24689
30,45,-24589
30,45,-24489
30,45,-24389
30,44,-24289
30,46,-24189
30,46,-24089
31,46,-23989
30,45,-23889
30,46,-23789
30,46,-23689
30,46,-23589
31,47,-23489
30,46,-23389
30,46,-23289
30,45,-23189
30,45,-23089
30,45,-22989
30,45,-22889
30,45,-22789
30,45,-22689
30,45,-22589
30,44,-22489
30,46,-22389
31,47,-22289
30,45,-22189
30,44,-22089
30,46,-21989
30,46,-21889
30,45,-21789
30,45,-21689
31,46,-21589
30,46,-21489
30,45,-21389
30,45,-21289
30,46,-21189
30,45,-21089
30,45,-20989
31,46,-20889
30,46,-20789
30,46,-20689
30,45,-20589
30,46,-20489
30,46,-20389
30,45,-20289
30,46,-20189
30,46,-20089
30,45,-19989
30,45,-19889
30,45,-19789
30,46,-19689
30,45,-19589
30,45,-19489
30,45,-19389
31,45,-19289
30,44,-19189
30,46,-19089
31,47,-18989
30,45,-18889
30,45,-18789
30,45,-18689
30,45,-18589
30,44,-18489
30,46,-18389
30,46,-18289
30,45,-18189
30,45,-18089
30,45,-17989
30,45,-17889
30,45,-17789
31,45,-17689
30,45,-17589
30,44,-17489
30,45,-17389
30,46,-17289
30,46,-17189
30,45,-17089
30,45,-16989
30,45,-16889
30,45,-16789
30,45,-16689
31,46,-16589
30,46,-16489
30,46,-16389
30,46,-16289
30,46,-16189
30,46,-16089
30,46,-15989
30,46,-15889
31,47,-15789
30,45,-15689
30,45,-15589
30,45,-15489
30,45,-15389
30,44,-15289
30,46,-15189
30,46,-15089
30,46,-14989
30,45,-14889
30,44,-14789
30,46,-14689
30,45,-14589
30,45,-14489
30,45,-14389
30,45,-14289
30,44,-14189
30,46,-14089
30,46,-13989
30,46,-13889
30,46,-13789
31,47,-13689
30,46,-13589
30,45,-13489
30,45,-13389
30,45,-13289
30,45,-13189
30,44,-13089
30,45,-12989
30,45,-12889
30,45,-12789
30,45,-12689
31,46,-12589
30,46,-12489
30,45,-12389
30,45,-12289
30,46,-12189
30,46,-12089
30,45,-11989
30,45,-11889
31,46,-11789
30,46,-11689
30,45,-11589
30,46,-11489
30,46,-11389
30,45,-11289
30,45,-11189
30,45,-11089
30,44,-10989
30,45,-10889
30,45,-10789
30,45,-10689
30,44,-10589
30,45,-10489
30,46,-10389
30,46,-10289
30,45,-10189
30,45,-10089
30,46,-9989
30,46,-9889
30,45,-9789
30,46,-9689
31,47,-9589
30,45,-9489
30,45,-9389
30,45,-9289
30,45,-9189
30,45,-9089
30,45,-8989
30,45,-8889
30,45,-8789
31,46,-8689
30,46,-8589
30,46,-8489
30,45,-8389
30,45,-8289
31,46,-8189
30,45,-8089
30,45,-7989
30,45,-7889
30,45,-7789
30,45,-7689
31,46,-7589
30,46,-7489
31,47,-7389
30,44,-7289
30,47,-7189
31,46,-7089
30,45,-6989
30,45,-6889
30,45,-6789
30,46,-6689
31,46,-6589
30,45,-6489
30,46,-6389
31,46,-6289
30,46,-6189
30,46,-6089
31,48,-5989
30,46,-5889
30,45,-5789
30,45,-5689
30,46,-5589
30,45,-5489
30,46,-5389
30,46,-5289
30,45,-5189
30,45,-5089
30,45,-4989
30,46,-4889
30,45,-4789
30,45,-4689
30,46,-4589
30,45,-4489
30,45,-4389
30,46,-4289
30,46,-4189
30,46,-4089
30,46,-3989
31,47,-3889
30,45,-3789
31,45,-3689
30,45,-3589
30,45,-3489
30,45,-3389
30,45,-3289
30,46,-3189
30,46,-3089
30,46,-2989
30,46,-2889
30,46,-2789
30,46,-2689
30,45,-2589
30,46,-2489
30,46,-2389
30,46,-2289
30,46,-2189
30,46,-2089
30,46,-1989
30,45,-1889
30,45,-1789
30,45,-1689
30,45,-1589
30,44,-1489
30,46,-1389
30,46,-1289
30,46,-1189
30,46,-1089
30,46,-989
30,46,-889
30,46,-789
30,46,-689
30,46,-589
30,45,-489
30,45,-389
30,45,-289
30,45,-189
30,45,-89
30,45,11
31,46,111
30,46,211
30,45,311
30,46,411
30,46,511
30,45,611
30,45,711
30,45,811
30,45,911
30,45,1011
31,46,1111
30,46,1211
30,45,1311
31,45,1411
30,46,1511
30,46,1611
30,45,1711
30,45,1811
30,45,1911
30,46,2011
30,46,2111
31,47,2211
30,46,2311
30,45,2411
31,46,2511
30,46,2611
30,46,2711
30,46,2811
30,46,2911
30,46,3011
30,46,3111
31,47,3211
30,46,3311
30,46,3411
30,45,3511
30,45,3611
30,45,3711
30,45,3811
30,45,3911
30,46,4011
30,46,4111
31,46,4211
30,45,4311
30,46,4411
30,46,4511
30,46,4611
30,46,4711
